0 144 82 44 50 79 68 42 124 35 104 109 129 160 124 137 177 106 139 50 53 112 153 74 72 98 168 31 62 105 24 90
144 0 200 118 104 75 106 160 242 127 52 227 25 278 30 255 295 224 21 168 171 48 271 192 84 74 286 149 180 223 132 208
82 200 0 100 106 135 124 70 70 91 160 55 185 106 180 83 123 52 195 44 59 168 99 36 128 154 114 77 46 51 80 36
44 118 100 0 24 53 42 60 142 27 78 127 103 178 98 155 195 124 113 68 71 86 171 92 46 72 186 49 80 123 32 108
50 104 106 24 0 39 28 66 148 33 64 133 89 184 84 161 201 130 99 74 77 72 177 98 32 58 192 55 86 129 38 114
79 75 135 53 39 0 41 95 177 62 35 162 60 213 55 190 230 159 70 103 106 43 206 127 19 29 221 84 115 158 67 143
68 106 124 42 28 41 0 84 166 51 66 151 91 202 86 179 219 148 101 92 95 74 195 116 34 60 210 73 104 147 56 132
42 160 70 60 66 95 84 0 112 51 120 97 145 148 140 125 165 94 155 38 41 128 141 62 88 114 156 37 50 93 40 78
124 242 70 142 148 177 166 112 0 133 202 25 227 50 222 27 67 40 237 86 101 210 43 78 170 196 58 119 88 49 122 50
35 127 91 27 33 62 51 51 133 0 87 118 112 169 107 146 186 115 122 59 62 95 162 83 55 81 177 40 71 114 23 99
104 52 160 78 64 35 66 120 202 87 0 187 37 238 32 215 255 184 47 128 131 20 231 152 44 34 246 109 140 183 92 168
109 227 55 127 133 162 151 97 25 118 187 0 212 61 207 38 78 25 222 71 86 195 54 63 155 181 69 104 73 34 107 35
129 25 185 103 89 60 91 145 227 112 37 212 0 263 15 240 280 209 20 153 156 33 256 177 69 59 271 134 165 208 117 193
160 278 106 178 184 213 202 148 50 169 238 61 263 0 258 39 35 76 273 122 137 246 29 114 206 232 26 155 124 85 158 86
124 30 180 98 84 55 86 140 222 107 32 207 15 258 0 235 275 204 25 148 151 28 251 172 64 54 266 129 160 203 112 188
137 255 83 155 161 190 179 125 27 146 215 38 240 39 235 0 56 53 250 99 114 223 32 91 183 209 47 132 101 62 135 63
177 295 123 195 201 230 219 165 67 186 255 78 280 35 275 56 0 93 290 139 154 263 46 131 223 249 19 172 141 102 175 103
106 224 52 124 130 159 148 94 40 115 184 25 209 76 204 53 93 0 219 68 83 192 69 60 152 178 84 101 70 31 104 32
139 21 195 113 99 70 101 155 237 122 47 222 20 273 25 250 290 219 0 163 166 43 266 187 79 69 281 144 175 218 127 203
50 168 44 68 74 103 92 38 86 59 128 71 153 122 148 99 139 68 163 0 27 136 115 36 96 122 130 45 24 67 48 52
53 171 59 71 77 106 95 41 101 62 131 86 156 137 151 114 154 83 166 27 0 139 130 51 99 125 145 48 39 82 51 67
112 48 168 86 72 43 74 128 210 95 20 195 33 246 28 223 263 192 43 136 139 0 239 160 52 42 254 117 148 191 100 176
153 271 99 171 177 206 195 141 43 162 231 54 256 29 251 32 46 69 266 115 130 239 0 107 199 225 37 148 117 78 151 79
74 192 36 92 98 127 116 62 78 83 152 63 177 114 172 91 131 60 187 36 51 160 107 0 120 146 122 69 38 59 72 44
72 84 128 46 32 19 34 88 170 55 44 155 69 206 64 183 223 152 79 96 99 52 199 120 0 38 214 77 108 151 60 136
98 74 154 72 58 29 60 114 196 81 34 181 59 232 54 209 249 178 69 122 125 42 225 146 38 0 240 103 134 177 86 162
168 286 114 186 192 221 210 156 58 177 246 69 271 26 266 47 19 84 281 130 145 254 37 122 214 240 0 163 132 93 166 94
31 149 77 49 55 84 73 37 119 40 109 104 134 155 129 132 172 101 144 45 48 117 148 69 77 103 163 0 57 100 29 85
62 180 46 80 86 115 104 50 88 71 140 73 165 124 160 101 141 70 175 24 39 148 117 38 108 134 132 57 0 69 60 54
105 223 51 123 129 158 147 93 49 114 183 34 208 85 203 62 102 31 218 67 82 191 78 59 151 177 93 100 69 0 103 31
24 132 80 32 38 67 56 40 122 23 92 107 117 158 112 135 175 104 127 48 51 100 151 72 60 86 166 29 60 103 0 88
90 208 36 108 114 143 132 78 50 99 168 35 193 86 188 63 103 32 203 52 67 176 79 44 136 162 94 85 54 31 88 0
